4.526420629306850962e+00 5.765205886825524928e+00
3.998886854780657973e+00 5.602163171979770873e+00
5.717843121129273065e+00 6.894750691186974478e+00
5.528431750261610489e+00 6.681258442875074088e+00
4.241832536815437926e+00 5.186559319047998606e+00
3.942982136669287208e+00 5.973794682891420571e+00
4.325748964291324938e+00 4.633888338690941744e+00
5.060273671762685943e+00 5.928043312894274663e+00
5.785282123432653911e+00 6.482935808174009829e+00
5.255771884432451913e+00 7.261750435682634119e+00
4.515973330157811105e+00 5.339532375366631278e+00
5.204897050968923189e+00 6.479266412003920728e+00
5.471683676659599982e+00 5.835538145041861746e+00
3.053713298264683296e+00 4.064628844675562291e+00
4.950575311501919096e+00 5.784182832337493529e+00
6.611525041860939034e+00 6.835881002145482555e+00
4.025396932040656850e+00 4.937000300638402450e+00
6.301056793729882699e+00 6.494656692860936609e+00
4.567650366120103556e+00 5.737389192767568424e+00
4.309496350014155652e+00 6.394958019421627782e+00
6.718316392573331797e+00 7.235763643442241211e+00
7.224266176868974654e+00 7.794690645528541850e+00
5.790431345680288722e+00 7.619301914632403694e+00
4.751375728697734502e+00 6.496005503227535449e+00
6.454945605309347911e+00 7.300137825866025665e+00
4.123512024027534473e+00 5.542726348463536290e+00
4.321767599251926661e+00 5.361757591960079949e+00
6.092468005292937860e+00 7.680278060821088992e+00
4.327737575481314991e+00 5.995806497823672920e+00
4.652333822230262150e+00 5.721676792932468558e+00
4.592372882030116621e+00 6.618874976691894396e+00
3.975649868100441964e+00 5.577486559002803546e+00
6.000137858942451885e+00 6.496282749863135919e+00
4.553517305974219553e+00 5.854357475137722311e+00
6.084216946330619713e+00 8.158346203979530031e+00
4.402858189446167358e+00 5.492984828824342358e+00
4.622937966222567141e+00 5.942777519378714679e+00
5.254498571848157162e+00 7.295745762537359624e+00
7.054573837078983445e+00 8.383771507912278764e+00
3.428046687620119215e+00 5.031044036577414502e+00
4.127387940619701823e+00 5.545584248250318815e+00
5.071071061820676462e+00 5.638721937700512221e+00
5.358524314267713251e+00 5.081643864062317384e+00
5.738627223095678964e+00 7.266655176864668775e+00
3.957629841939732884e+00 4.749918496895197073e+00
3.762167725859265843e+00 3.809587229035370726e+00
5.614563672103705549e+00 5.975454138560552408e+00
4.951931983257007452e+00 6.180831507616986187e+00
4.593130439154332834e+00 5.154891975814389404e+00
2.371953093148945868e+00 3.702889099516883054e+00
3.217872540317952001e+00 3.769907119172116516e+00
5.564956597414059125e+00 6.645289307845252402e+00
5.781620952084243648e+00 7.991168874354491969e+00
6.868833658075866211e+00 8.086946127794435668e+00
4.785885563099720130e+00 6.002443083808999269e+00
5.233638902691232886e+00 6.074480742012638324e+00
4.487251704869702706e+00 6.171636008685621455e+00
4.903781486757955221e+00 6.456277058923366674e+00
7.089204447357949412e+00 8.020773287825619491e+00
5.818089115415302714e+00 7.404014265519703208e+00
6.537334860771148115e+00 8.482230778694690443e+00
3.868678610255781081e+00 5.934030841420241842e+00
4.794869624032637390e+00 5.583879445485331772e+00
4.734348323032512518e+00 5.490494368694109895e+00
4.534070938398545358e+00 5.693917601070998202e+00
4.620450502829319461e+00 4.996746873858371352e+00
5.195265079993953705e+00 6.395039992917424421e+00
4.391573270840699372e+00 6.082003764372957200e+00
4.569140509802124939e+00 6.076666564226210099e+00
4.359164675458606197e+00 4.576561119674123823e+00
5.978074692114858202e+00 6.391102849215701376e+00
4.503827505094809780e+00 4.595741643118528508e+00
4.459357462356205559e+00 5.773075853880550667e+00
5.785847260763276267e+00 7.250975144969931563e+00
6.348031650620585609e+00 6.819191102038367092e+00
4.762891581187878920e+00 5.987621809196846279e+00
3.793386997049660536e+00 4.588425897317192081e+00
4.288380804918430655e+00 5.606347972858576334e+00
6.931562597808867743e+00 7.555498233226011884e+00
4.600972033828013785e+00 4.743549591567247425e+00
4.602158445761604710e+00 4.988271005365715993e+00
5.021822026817979179e+00 6.275703616492335435e+00
5.378163191141445587e+00 6.995157624825884213e+00
6.227427933523451031e+00 7.099156622554864349e+00
5.885666048255888683e+00 6.482175510424117881e+00
5.667100683068795774e+00 5.665478515092223333e+00
4.785830500004202293e+00 5.553444978487543260e+00
2.759112386043785392e+00 3.079216572465385937e+00
5.150223962971650415e+00 6.460229263426703561e+00
6.704405854992554481e+00 8.136015343728294269e+00
5.247984196824319270e+00 6.525866414267982307e+00
3.946311133790930459e+00 4.463847093143952449e+00
5.357371097454490361e+00 6.029584722846645484e+00
5.604190000231029423e+00 6.765827726106159901e+00
4.166667935482513130e+00 4.396990642837861785e+00
4.269532266687789956e+00 5.240741015525770763e+00
2.905783021332032590e+00 4.923648678207136697e+00
4.824837321826004555e+00 5.817500464623384104e+00
3.929511272030228319e+00 4.619175051123438180e+00
3.083091671447825810e+00 4.060092755347215920e+00
4.958173138712189676e+00 4.812705965417590548e+00
5.231303847699173559e+00 6.901565524070180757e+00
5.398413568633753989e+00 6.815691808178606870e+00
5.921721539924067024e+00 6.711157588342524072e+00
4.525475253527693198e+00 6.112938961588482378e+00
5.416726891194808324e+00 6.552509615635305096e+00
6.368022291033135218e+00 7.222439979195186766e+00
4.976811170903454595e+00 6.510416072818214772e+00
5.352775338314204490e+00 6.260668527382427406e+00
4.870979975196274125e+00 5.310368401747651568e+00
5.167722533626041503e+00 6.088662654525131224e+00
4.980221048198509415e+00 5.519817045370309927e+00
6.083394873210418830e+00 5.895362550114271905e+00
2.316935411900740149e+00 3.347000834562988913e+00
5.245943908033823710e+00 6.414379403984545647e+00
5.563130746441319552e+00 6.240337138773722536e+00
3.379498648082429391e+00 5.547276032415993541e+00
4.895810638438965690e+00 6.158150031745385888e+00
4.782496734662699645e+00 5.412956214603820371e+00
4.368626909431533534e+00 5.154932249042499137e+00
5.395103501371680821e+00 6.824623535170744049e+00
5.240723582179568574e+00 5.853859642780440353e+00
6.520135776923375204e+00 8.081236606840279890e+00
5.759900111443728932e+00 6.140172743092596086e+00
5.409098309912835134e+00 6.721852219648666527e+00
4.881185020623163950e+00 5.081560836624740674e+00
6.346131132823389365e+00 7.318425158730954116e+00
5.172085183836949263e+00 5.382511894777534778e+00
5.773423337436847547e+00 6.104401300066214731e+00
6.529337068782793629e+00 8.535422010304571927e+00
4.445727276959330787e+00 4.407869650500492398e+00
6.232324803826180926e+00 6.380767966181655204e+00
5.806130642012640841e+00 6.943542407395795202e+00
4.905507991561258052e+00 6.290211759437394079e+00
5.225079655187691685e+00 6.071765537065493490e+00
5.574824453516241007e+00 6.027241864470716415e+00
4.318851321324734371e+00 5.139790307910738321e+00
6.723760289438035720e+00 7.504819668899706642e+00
5.574926590041606289e+00 7.274941079489456897e+00
3.693882926561795621e+00 4.544105469399331021e+00
5.451741230673786021e+00 6.485135633624536489e+00
5.041422288336865343e+00 6.334541882033325244e+00
4.896532619190221425e+00 5.106550847391332582e+00
4.523878908746317151e+00 4.946883002916248273e+00
3.737202391363501075e+00 4.706444514769883902e+00
6.024499802464943876e+00 6.716072433381561346e+00
5.697289766281831369e+00 6.007915244480884098e+00
5.032317589238869182e+00 7.379864012684842045e+00
4.775671149164433693e+00 4.652362245783454142e+00
3.838853155395828942e+00 6.263319178558551137e+00
3.679220713293646305e+00 5.634109716205861318e+00
7.130506705502419607e+00 7.682408528273261261e+00
5.012716507042058289e+00 5.807588686100113584e+00
4.852955346294871575e+00 5.578827776080573564e+00
5.328324740330675269e+00 5.636124753093858963e+00
6.450901610534819142e+00 7.449329254440680614e+00
5.556532674342976819e+00 5.906872171591269094e+00
6.172621443877107872e+00 6.950690795490425344e+00
5.468778904824131537e+00 6.590100016468094957e+00
5.206484217136635451e+00 5.778038172834690123e+00
4.946879912282559744e+00 6.549705950083374084e+00
6.326608425324947049e+00 7.668668375016679306e+00
2.723233327300163875e+00 3.257001434535755191e+00
5.138732745746765751e+00 6.012402786512497599e+00
6.154160135841906687e+00 6.577432621755605169e+00
5.865086342329781210e+00 5.983240464951610882e+00
4.437333866595864151e+00 6.039730485669077886e+00
4.715087339154765189e+00 5.495400987813954252e+00
5.689644094576522981e+00 7.519146933962441715e+00
6.041422665204412290e+00 7.074815122811367374e+00
3.461441121698834777e+00 4.477332511565433215e+00
4.780912291356357535e+00 6.649526404407669844e+00
6.366081698526159016e+00 7.146961730004627533e+00
5.580517264991951443e+00 6.141762784194593650e+00
4.258376431430333398e+00 6.190897296475032618e+00
5.954285626291135891e+00 6.853174566989566507e+00
5.325790690607322908e+00 6.434037339807409772e+00
4.285137962672652456e+00 6.044407698120864758e+00
5.925965299930973984e+00 7.318290749842495835e+00
2.888330886229752981e+00 4.415833275801781532e+00
5.331946327611792213e+00 6.680330277627822610e+00
6.266720900714945586e+00 7.095169315236818264e+00
6.015013208172089065e+00 6.665856718288232230e+00
5.741383985029170134e+00 6.270301876290334420e+00
3.467593245545523395e+00 3.737293449298657588e+00
5.419375685837476198e+00 6.564543088894703615e+00
5.086053621051080498e+00 5.706824168888176452e+00
6.146906730940546737e+00 7.627970951707556679e+00
5.691150580525875746e+00 6.484283601628818339e+00
2.967656963644761170e+00 4.677075538567946111e+00
6.499517699674712823e+00 7.302597031580380538e+00
6.911697031580986916e+00 7.269926812048492337e+00
5.188922353264504572e+00 6.829171572933892875e+00
5.124608878365643605e+00 6.678593943181882153e+00
6.942920361200981993e+00 7.810329757977646281e+00
5.967234353964840921e+00 6.937580026525028032e+00
4.192065633721469453e+00 5.433631558552463936e+00
5.258485604078334319e+00 6.262188246436027228e+00
4.269978728821106628e+00 5.403135951166897932e+00
6.969404601904604313e+00 7.674638503628200326e+00
4.731191502289025408e+00 5.752348648577178203e+00
3.887045360875437172e+00 5.030977454520622949e+00
5.313970339825250910e+00 5.692530181493240526e+00
4.640764368337356949e+00 5.340202947390131349e+00
6.396042625289632966e+00 8.389784007695656243e+00
5.293688308485033467e+00 6.898185007908886668e+00
4.883132312558701393e+00 5.778138879048902332e+00
5.700480837500181863e+00 6.742629968382322758e+00
5.307994951776042747e+00 6.469174681247075398e+00
3.864670670154648047e+00 4.620420239810154150e+00
5.880192957164300793e+00 7.195562257643203452e+00
6.354639668110003470e+00 6.954998531261800565e+00
4.316462010391628468e+00 4.980327347349882139e+00
5.544166057571524142e+00 7.075978498599496902e+00
5.937290070353697047e+00 7.502389255142805524e+00
5.143849528704903307e+00 6.128605306959268972e+00
4.396610013241916803e+00 5.185674856309413272e+00
6.383084111788738468e+00 6.697685707919459830e+00
5.153974149484728429e+00 6.287172859116276769e+00
3.054570517492185111e+00 3.576146305620594656e+00
5.556356841595205154e+00 6.242717345442311938e+00
4.692778219008939544e+00 5.573252487622877283e+00
5.636930983036545051e+00 6.956108312985679554e+00
3.385262572300347550e+00 4.844799777698741039e+00
6.088014820639823022e+00 6.510274927779112097e+00
5.975424222757499848e+00 6.507828370353011316e+00
6.275514020422314765e+00 7.083184442861083951e+00
5.395459694043066357e+00 5.403333029766963058e+00
4.635850194031384319e+00 4.860852709733220145e+00
6.617723810890707270e+00 7.976401022806671293e+00
4.187019090325159176e+00 4.470339738795157558e+00
5.849526463685425171e+00 6.163395910712408998e+00
4.297261750487702869e+00 5.799174673751308795e+00
4.611614132845965663e+00 5.395121496358748381e+00
4.979416297910724154e+00 5.510752825810133260e+00
6.774177617690911646e+00 7.330167901098128880e+00
4.092891038554764549e+00 5.361264569312009343e+00
4.561390071748738784e+00 5.951759546757656061e+00
4.158773511067897388e+00 4.746402010544523264e+00
4.377042743709016470e+00 5.151800653206266567e+00
4.254293555789637971e+00 5.067177733117146587e+00
2.472626882412492400e+00 3.647513607646398537e+00
4.448141852913538585e+00 6.439381279329193575e+00
3.160044066448618238e+00 4.589241686947184817e+00
5.007640284841714085e+00 6.499121492462608174e+00
4.356526722868845347e+00 5.825218073390253437e+00
7.570770890191623970e+00 7.845441960293442207e+00
5.120840800910750445e+00 5.990989072314586217e+00
4.841071609941644205e+00 5.021695571601294539e+00
5.744059098718089729e+00 6.562457206481422389e+00
4.188324039019361678e+00 5.643244482045776778e+00
3.932460339252103587e+00 4.488263971985249512e+00
2.928468840099971437e+00 2.785893520767303677e+00
6.197773707721053960e+00 7.509561276246729200e+00
3.990966259692668938e+00 5.336926469902999237e+00
4.142806244996414478e+00 5.704980413476043566e+00
5.408416623874116702e+00 6.271147872975168625e+00
5.060771399647763680e+00 6.318159212056038143e+00
3.613741423097943439e+00 5.637620875879433946e+00
4.243922807548998755e+00 4.525140325265213370e+00
2.922174132469422592e+00 5.357454486750187428e+00
5.647116205320314997e+00 6.616591074157668118e+00
5.455212218785548295e+00 6.198100568033057201e+00
6.780265066316021993e+00 7.929406971208627475e+00
3.500206695625140974e+00 4.086847733135601679e+00
5.520147209628579077e+00 5.858606963706765924e+00
7.499459919999615920e+00 7.852033006249156344e+00
2.744831244028966388e+00 4.734747896472681461e+00
4.247598071667114006e+00 5.410204608539106452e+00
4.538506013262288974e+00 5.794877191774489233e+00
3.795201084128442481e+00 4.993201516331954082e+00
4.598076854839546534e+00 5.659771515113425799e+00
5.354854707202886921e+00 6.883268791766844252e+00
6.181907004634272340e+00 6.675879478822544399e+00
4.656001062009957003e+00 5.602680745735441725e+00
4.539659044718676206e+00 6.286622117737805659e+00
5.258053553122943313e+00 5.654877705988813119e+00
4.980761339978855951e+00 5.484797944527100455e+00
3.542216072774920121e+00 4.562014881558857482e+00
4.165354600675162722e+00 5.541544503615685180e+00
4.404106353716729316e+00 5.135871328878726771e+00
3.676003801293093343e+00 4.564411079526815129e+00
5.671943927570800348e+00 7.249928551505813168e+00
4.726938844829836839e+00 5.265835109703310479e+00
3.098360518573419320e+00 3.769001204014825746e+00
4.319780752397024415e+00 4.792573412295528357e+00
6.873682604123207085e+00 7.755630828032253454e+00
5.872948714273078963e+00 6.080803923242761755e+00
6.532763397876006906e+00 7.123129060890776465e+00
4.360042139045225085e+00 4.779436855710867960e+00
6.064476307442348890e+00 6.300121231861544047e+00
5.481053835334873447e+00 6.969776402049197905e+00
3.678887302755494026e+00 5.248684959284224405e+00
5.534658189696159525e+00 7.253771563469584294e+00
6.652720202270482552e+00 7.730495553111770057e+00
4.102417943952235468e+00 4.957410791940102257e+00
4.615514596024688387e+00 6.404845443717982256e+00
5.331908355218600626e+00 6.222317256779210659e+00
4.545951111286883339e+00 5.490363625838613260e+00
5.010330807742860770e+00 6.484346631180292420e+00
5.751103131044990491e+00 6.972410485833483662e+00
4.130120139219902065e+00 5.581616395566246780e+00
5.144913384231598386e+00 5.290116905479094633e+00
4.049894530968630946e+00 4.262293011525851938e+00
4.648857927337624929e+00 5.382213549517246065e+00
4.922264137336051171e+00 5.723286237723583803e+00
4.437701281210891580e+00 4.864869598163486408e+00
7.042656819690726877e+00 8.129892542812868328e+00
4.976602587827638757e+00 5.820896541284469095e+00
4.239923402585617396e+00 5.090329350819468246e+00
5.295209167099804048e+00 5.202435057826338749e+00
4.581290290669705279e+00 5.199125578985740681e+00
3.968798545233605424e+00 5.026273244469933843e+00
4.200158889737008572e+00 5.526787445304145230e+00
7.731728408670048402e+00 9.509684276657264235e+00
5.347125119540048210e+00 6.560198658839402341e+00
5.234254738303674159e+00 6.109063284910400959e+00
4.853077234160938502e+00 5.721558336731219718e+00
6.134903680255738401e+00 7.089371284212438340e+00
3.364842567114572525e+00 5.208413145056952409e+00
5.301979668989726058e+00 6.803201813814157894e+00
5.580047661957548755e+00 6.429698913982131891e+00
4.512359063609878262e+00 4.922749507614206266e+00
5.131095480684014554e+00 5.888622554387010766e+00
3.833728039757597017e+00 4.888228361620153173e+00
3.891486118689004403e+00 4.667034397438198923e+00
4.511969877384048644e+00 6.127474429762162167e+00
7.699261727768327290e+00 7.886559005695366054e+00
4.944543976412807851e+00 5.520107005414867984e+00
4.024900815510633834e+00 4.948887003241895677e+00
5.720825057227353128e+00 7.198421518873285407e+00
5.865066985718752512e+00 6.251202032887423599e+00
2.285102508120702591e+00 2.966079756453171790e+00
3.674351699405230320e+00 4.425672938453933725e+00
4.858336338132165366e+00 5.274615081596771837e+00
5.516875050614867604e+00 5.587416032739042748e+00
4.546567372007063845e+00 4.931551609877665499e+00
4.385168757530552242e+00 4.476515678390395436e+00
4.135896931336757731e+00 4.434702459970708333e+00
5.362705975832549932e+00 6.825771009498899033e+00
4.760587739377799998e+00 5.376580586976424492e+00
4.077960936887687460e+00 4.901712525529959841e+00
6.074057603775250946e+00 7.000207578874813485e+00
5.127889375774072001e+00 5.788741539680714254e+00
4.422861957212940176e+00 4.770313932386440747e+00
6.409363277163036443e+00 7.614636163750027720e+00
5.431707201182986111e+00 6.150984324025216665e+00
5.048597566653064028e+00 6.327558678240206014e+00
3.910661327331746762e+00 5.319047617181115406e+00
4.937456867348933187e+00 5.489485840106684833e+00
5.389314660992044814e+00 6.054269518661543614e+00
4.817206954875183911e+00 4.080836277794134048e+00
4.060233066588669004e+00 4.602695121424716262e+00
7.362726846991928475e+00 7.819694977851039397e+00
5.068225309743555229e+00 5.826701133042159420e+00
4.174403331405672546e+00 6.269862536244597884e+00
5.391980382556350371e+00 5.821610974184252107e+00
5.672250070121831911e+00 6.623402861793635132e+00
4.903089798747063632e+00 5.678837763755310242e+00
4.902025127347840794e+00 5.596461292692569423e+00
4.583864907149909129e+00 6.267436790265882074e+00
4.268441694404811138e+00 5.831028574139420328e+00
6.858854861962790928e+00 7.790923861507625503e+00
5.569689645325412108e+00 6.604664971303716214e+00
4.715748439732974973e+00 5.965548787435653644e+00
5.532464188194026633e+00 6.146248604613148814e+00
4.898953293523494956e+00 5.475914761795155350e+00
3.969006030162716581e+00 5.827213064512180907e+00
4.640935441028944730e+00 4.613864324454321597e+00
5.395856051719207791e+00 6.271478712045309933e+00
3.533231872246113348e+00 4.828415293038908374e+00
6.033172601936992230e+00 7.063114265135905789e+00
5.151530567069403155e+00 6.908873846344362413e+00
5.790888944480607314e+00 6.190313944011868408e+00
2.380961321653680685e+00 4.144564025034406463e+00
4.284829853487106988e+00 4.733614913790292533e+00
5.661689934242174260e+00 7.136055959108326796e+00
5.614228906600686742e+00 6.958243607197951874e+00
5.935353165170821121e+00 6.911031899015493529e+00
6.142802202955781610e+00 7.100478151083335021e+00
5.166418300472824576e+00 5.970919109903830346e+00
3.361560957866648103e+00 3.801306198362499167e+00
4.455908972985369587e+00 5.767884307411321743e+00
7.038870218721550387e+00 7.862105468773465944e+00
5.207409338138349497e+00 6.766145827521733658e+00
5.236733479268075087e+00 5.696366096288828729e+00
5.252881429074669484e+00 5.794956819594636599e+00
5.061328459348261255e+00 5.479954192362037624e+00
5.852644116383279638e+00 6.502962722627941616e+00
4.359673254376597917e+00 5.514486402526880937e+00
4.732435696598621178e+00 6.062524258959582468e+00
5.666712217636181492e+00 6.013851897393148072e+00
5.853475832742212503e+00 7.538220534823269148e+00
4.402635377793700400e+00 5.977336168809690875e+00
4.995314838310765282e+00 5.457539818640858797e+00
4.693470506814441556e+00 5.680683631031474334e+00
3.786126656816187541e+00 4.672575669148362643e+00
5.846488732651437203e+00 6.360465031357091625e+00
4.642036600132263935e+00 5.544282595088461107e+00
4.567887992764210203e+00 5.673663514940623820e+00
5.059251933045595173e+00 6.305970636261279516e+00
6.507545016201513377e+00 7.603216642313284090e+00
5.291077634953567532e+00 6.207592690905610056e+00
6.606569827616949553e+00 7.561808710373264297e+00
4.940457803423267791e+00 6.099079361238884722e+00
6.244216154599343760e+00 7.219783825213593076e+00
4.761178539167760349e+00 5.759532716816565312e+00
4.064035489362577636e+00 5.235564018259253771e+00
5.173366487498600286e+00 5.727451124302764818e+00
4.677491630570643544e+00 5.066440906270369915e+00
6.177097311391106516e+00 7.208610758554351960e+00
4.484752881277117353e+00 5.496525216597537344e+00
6.413535990926558128e+00 7.743038828893002545e+00
4.298454341434297277e+00 5.723851052706156572e+00
3.012155666764201989e+00 4.496913304582765392e+00
4.545408661683595142e+00 4.569590730829975911e+00
3.282163941293869236e+00 5.356784901477777971e+00
5.271519626856182583e+00 6.234452733906020505e+00
5.831390960780858279e+00 6.171800185626772794e+00
4.798897613216368541e+00 5.616706049418916713e+00
4.918300204323316827e+00 6.058578667015128261e+00
3.542098505964740518e+00 5.055574894775991091e+00
5.382520049438658027e+00 6.297255731562302117e+00
4.136870101806099598e+00 5.620398765185953494e+00
5.046059180436858860e+00 7.019756984493268348e+00
4.703190004693520443e+00 5.304181909818201035e+00
5.803896870250323303e+00 6.553001601892051831e+00
3.182888587362430854e+00 3.809929389676932399e+00
5.794522131457065406e+00 7.405679548169089799e+00
3.669496706949297860e+00 4.924343512658531985e+00
4.830119041115935374e+00 5.650627408778214900e+00
6.084431259585505458e+00 7.085067283660012372e+00
5.810740146554842056e+00 6.496646178113420156e+00
4.133046678091282011e+00 5.913620132265191565e+00
5.697991408518649159e+00 6.248210679607979046e+00
2.684492596038384526e+00 4.225306663995919365e+00
5.791083198979543489e+00 7.436247441944763281e+00
5.303708308517976810e+00 6.491674731793330544e+00
3.468575076683463543e+00 4.395307722798482253e+00
2.578306500811626378e+00 3.273411279126918316e+00
2.902556303506190982e+00 4.486363024693321933e+00
5.054519373352361455e+00 6.118982197021208158e+00
4.140150474989986229e+00 4.209640078508128269e+00
6.124864995960552783e+00 7.349725027140941336e+00
3.845328535820223603e+00 4.954196000390433952e+00
4.762788286504648916e+00 5.865639522502586800e+00
6.542955723164942228e+00 7.303840394393882107e+00
5.157594877992179860e+00 5.956571074208421024e+00
6.334005034408372481e+00 7.749509454744697656e+00
5.703079727265643051e+00 5.992772955638121957e+00
3.243489631768783354e+00 3.694048999086740448e+00
5.913580644469250913e+00 6.476549311477759474e+00
4.081858055478789105e+00 4.740625460025141180e+00
5.792803472451447000e+00 5.522009936539659769e+00
2.934439201095353056e+00 3.955604694183322501e+00
5.639138973227867169e+00 5.515345199854523983e+00
4.707557370624964044e+00 5.913286389670344256e+00
4.562571389240640762e+00 5.396137806148079363e+00
7.001311039949516868e+00 8.294780482649581899e+00
5.927301010179425234e+00 6.425515213769332767e+00
5.620018680117529364e+00 5.843702501789065806e+00
5.363190407560064266e+00 6.174531419171935376e+00
3.658856204133512868e+00 5.266803417464581472e+00
6.209102648767911070e+00 7.730950301746178255e+00
6.447371481198818088e+00 8.655549071119617466e+00
5.948605962231868993e+00 6.717138076762327437e+00
5.826056502882016375e+00 7.290642615861058218e+00
5.066613583447169944e+00 5.842602471368741668e+00
3.440199985448037623e+00 3.814391000420945144e+00
4.765605760334103103e+00 6.226882068162991501e+00
4.922933544439900722e+00 5.110994807008007790e+00
5.869848203279580900e+00 7.295884741299925480e+00
3.485231738258932843e+00 4.322938889956590813e+00
6.550482003146116838e+00 7.287721477457426822e+00
3.915315308102201186e+00 3.707105729165415919e+00
6.115705688318286981e+00 7.099939979679361635e+00
2.983640756677301553e+00 3.308287436973564422e+00
6.163095574901543472e+00 8.181134850929151270e+00
5.410036784902068518e+00 6.192783785854087952e+00
5.560818648573035539e+00 6.071880832921802806e+00
4.433013470353320606e+00 6.805818311505906770e+00
5.509567257026950493e+00 6.648616467690164455e+00
4.033736706584519993e+00 4.837247054571237825e+00
5.663773464630083687e+00 7.792784329045348457e+00
3.954638873004063804e+00 5.523657145549448977e+00
5.077531479906995493e+00 6.518440863926706186e+00
5.783771169076274532e+00 7.420218208423634110e+00
3.097348171357524826e+00 4.341241841524073664e+00
6.493417730022762235e+00 7.008092674754531792e+00
4.307118040232316147e+00 4.827492387665539120e+00
4.845277638164773748e+00 6.254779076742560839e+00
4.903767296143665355e+00 6.275918404439815745e+00
4.646688201899467074e+00 4.877795171432795840e+00
5.184794887862359758e+00 6.459290043445816032e+00
4.192356906048146037e+00 6.012225343236417885e+00
4.608328163683467871e+00 5.439132820166198812e+00
5.163425353508090510e+00 5.649740677880249251e+00
7.371685973439161543e+00 8.368703683704358909e+00
6.008320015899231592e+00 6.825003595863938344e+00
4.128628503537589367e+00 5.219777884904398313e+00
